1.098289969377219677e-03
3.339604591019451618e-04
2.607207279652357101e-04
2.285919617861509323e-04
2.130801149178296328e-04
2.008820301853120327e-04
1.934168103616684675e-04
1.869022817118093371e-04
1.809184323064982891e-04
1.766458444762974977e-04
1.735289697535336018e-04
1.701659493846818805e-04
1.682777510723099113e-04
1.646866876399144530e-04
1.622498384676873684e-04
1.614320062799379230e-04
1.592386543052271008e-04
1.573663757881149650e-04
1.561980607220903039e-04
1.545486738905310631e-04
1.540035154903307557e-04
1.534613838884979486e-04
1.516215270385146141e-04
1.509671565145254135e-04
1.495029719080775976e-04
1.492876763222739100e-04
1.500672078691422939e-04
1.495479664299637079e-04
1.481744111515581608e-04
1.468604896217584610e-04
1.459906488889828324e-04
1.444382796762511134e-04
1.440526102669537067e-04
1.446144015062600374e-04
1.443509681848809123e-04
1.432548015145584941e-04
1.423105131834745407e-04
1.424066576873883605e-04
1.423946087015792727e-04
1.418752362951636314e-04
1.417485909769311547e-04
1.414039725204929709e-04
1.408086245646700263e-04
1.397832675138488412e-04
1.396760490024462342e-04
1.388465607305988669e-04
1.388173113809898496e-04
1.386046060360968113e-04
1.390689285472035408e-04
1.374344283249229193e-04
1.385046925861388445e-04
1.374500425299629569e-04
1.373673585476353765e-04
1.378365122945979238e-04
1.367304648738354445e-04
1.391420373693108559e-04
1.377095031784847379e-04
1.366582146147266030e-04
1.359869493171572685e-04
1.345871423836797476e-04
1.353168918285518885e-04
1.345228083664551377e-04
1.357375585939735174e-04
1.356008433504030108e-04
1.346810749964788556e-04
1.334958651568740606e-04
1.342088507954031229e-04
1.349257217952981591e-04
1.342314062640070915e-04
1.343708281638100743e-04
1.333533728029578924e-04
1.322592288488522172e-04
1.325108896708115935e-04
1.330693339696153998e-04
1.329827646259218454e-04
1.330598170170560479e-04
1.329790829913690686e-04
1.333239779341965914e-04
1.326785131823271513e-04
1.342336472589522600e-04
1.323660399066284299e-04
1.322928437730297446e-04
1.319020666414871812e-04
1.320919254794716835e-04
1.322747557424008846e-04
1.321156596532091498e-04
1.316705311182886362e-04
1.309139188379049301e-04
1.301934680668637156e-04
1.314612018177285790e-04
1.313535613007843494e-04
1.332480169367045164e-04
1.303009630646556616e-04
1.306384801864624023e-04
1.293334789806976914e-04
1.309671933995559812e-04
1.296517875744029880e-04
1.299831492360681295e-04
1.295835681958124042e-04
1.306542399106547236e-04
