8.165547042153775692e-04
4.250178462825715542e-04
3.848720516543835402e-04
3.566714294720441103e-04
3.478315484244376421e-04
3.371824859641492367e-04
3.295389469712972641e-04
3.253438044339418411e-04
3.225283289793878794e-04
3.187751863151788712e-04
3.125992661807686090e-04
3.108792006969451904e-04
3.086479846388101578e-04
3.049623337574303150e-04
3.068980004172772169e-04
3.042111929971724749e-04
3.030579828191548586e-04
3.024760226253420115e-04
2.974999079015105963e-04
2.975628594867885113e-04
3.025657497346401215e-04
2.969820343423634768e-04
2.953635703306645155e-04
2.942217397503554821e-04
2.960864512715488672e-04
2.936076198238879442e-04
2.922237326856702566e-04
2.915158693213015795e-04
2.907970920205116272e-04
2.900304389186203480e-04
2.873990451917052269e-04
2.861637913156300783e-04
2.855318016372621059e-04
2.871648757718503475e-04
2.843773690983653069e-04
2.835078048519790173e-04
2.844129048753529787e-04
2.837596402969211340e-04
2.835967170540243387e-04
2.831120218615978956e-04
2.827125717885792255e-04
2.816015912685543299e-04
2.833252947311848402e-04
2.820201916620135307e-04
2.796830376610159874e-04
2.793580351863056421e-04
2.784997050184756517e-04
2.793297753669321537e-04
2.780372742563486099e-04
2.786167897284030914e-04
2.792241575662046671e-04
2.777790359687060118e-04
2.795001491904258728e-04
2.780327049549669027e-04
2.744834637269377708e-04
2.775586908683180809e-04
2.771992585621774197e-04
2.781163202598690987e-04
2.771260624285787344e-04
2.752975851763039827e-04
2.750495041254907846e-04
2.730885171331465244e-04
2.763610391411930323e-04
2.757286420091986656e-04
2.737999893724918365e-04
2.753712469711899757e-04
2.749804407358169556e-04
2.741196949500590563e-04
2.739216433838009834e-04
2.712392306420952082e-04
2.745302335824817419e-04
2.732203574851155281e-04
2.749879204202443361e-04
2.722027129493653774e-04
2.733125584200024605e-04
2.705705992411822081e-04
2.740754571277648211e-04
2.740251948125660419e-04
2.709997934289276600e-04
2.706826780922710896e-04
2.718347532209008932e-04
2.712731948122382164e-04
2.723444194998592138e-04
2.705236838664859533e-04
2.704781072679907084e-04
2.715650480240583420e-04
2.726651728153228760e-04
2.725481463130563498e-04
2.700978366192430258e-04
2.698429743759334087e-04
2.713058493100106716e-04
2.716973540373146534e-04
2.680820180103182793e-04
2.726583916228264570e-04
2.709937689360231161e-04
2.698542084544897079e-04
2.700848854146897793e-04
2.683713973965495825e-04
2.694371505640447140e-04
2.677878655958920717e-04
