5.004011988639831543e-01
4.992528557777404785e-01
5.005152821540832520e-01
5.089730620384216309e-01
5.176811218261718750e-01
5.176848173141479492e-01
5.173351764678955078e-01
5.196318030357360840e-01
5.190907716751098633e-01
5.185607671737670898e-01
5.184798240661621094e-01
5.182810425758361816e-01
5.185754895210266113e-01
5.192048549652099609e-01
5.191975235939025879e-01
5.152667164802551270e-01
5.174897313117980957e-01
5.178210139274597168e-01
5.195508599281311035e-01
5.198636651039123535e-01
5.206660032272338867e-01
5.214684009552001953e-01
5.209825634956359863e-01
5.210120081901550293e-01
5.213358998298645020e-01
5.215162038803100586e-01
5.222375988960266113e-01
5.216891765594482422e-01
5.224657654762268066e-01
5.230656862258911133e-01
5.227786302566528320e-01
5.047588944435119629e-01
5.006220340728759766e-01
5.032498836517333984e-01
5.110378265380859375e-01
5.176700949668884277e-01
5.187448263168334961e-01
5.190539360046386719e-01
5.182185173034667969e-01
5.192453265190124512e-01
5.195397734642028809e-01
5.190797448158264160e-01
5.196980237960815430e-01
5.200071930885314941e-01
5.172026753425598145e-01
5.188478827476501465e-01
5.202832221984863281e-01
5.205151438713073730e-01
5.210782289505004883e-01
5.204967260360717773e-01
5.205077528953552246e-01
5.209494233131408691e-01
5.217444300651550293e-01
5.193116068840026855e-01
5.214610099792480469e-01
5.213763713836669922e-01
5.217480659484863281e-01
5.210966467857360840e-01
5.221235156059265137e-01
5.208758115768432617e-01
5.222008228302001953e-01
5.211886763572692871e-01
5.214242339134216309e-01
5.207727551460266113e-01
5.216744542121887207e-01
5.221750140190124512e-01
5.228927135467529297e-01
5.224768519401550293e-01
5.234374403953552246e-01
5.226571559906005859e-01
5.232939124107360840e-01
5.224068760871887207e-01
5.212107300758361816e-01
5.222817659378051758e-01
5.207543373107910156e-01
