6.993159055709838867e-01
6.957889199256896973e-01
6.944481730461120605e-01
6.932077407836914062e-01
6.923931837081909180e-01
6.921691298484802246e-01
6.921470761299133301e-01
6.920968890190124512e-01
6.921450495719909668e-01
6.968131065368652344e-01
6.923787593841552734e-01
6.920106410980224609e-01
6.966770291328430176e-01
6.920227408409118652e-01
6.920157670974731445e-01
6.924179792404174805e-01
6.923020482063293457e-01
6.922203898429870605e-01
6.920732855796813965e-01
6.920452117919921875e-01
6.920079588890075684e-01
6.918890476226806641e-01
6.919170618057250977e-01
6.918481588363647461e-01
6.918160319328308105e-01
6.917943954467773438e-01
6.917153000831604004e-01
6.918116807937622070e-01
6.918157339096069336e-01
6.917086839675903320e-01
6.917797327041625977e-01
6.928978562355041504e-01
6.932298541069030762e-01
6.931954622268676758e-01
6.928353905677795410e-01
6.923264861106872559e-01
6.921314597129821777e-01
6.921129226684570312e-01
6.920663118362426758e-01
6.920327544212341309e-01
6.919879317283630371e-01
6.920155882835388184e-01
6.919485926628112793e-01
6.919530034065246582e-01
6.922678351402282715e-01
6.920428872108459473e-01
6.919403672218322754e-01
6.919065117835998535e-01
6.918752193450927734e-01
6.919243335723876953e-01
6.918460130691528320e-01
6.919077038764953613e-01
6.917723417282104492e-01
6.918945908546447754e-01
6.917565464973449707e-01
6.917719244956970215e-01
6.918805837631225586e-01
6.917689442634582520e-01
6.916977763175964355e-01
6.918363571166992188e-01
6.917963027954101562e-01
6.918612718582153320e-01
6.918145418167114258e-01
6.918390393257141113e-01
6.918562650680541992e-01
6.917392611503601074e-01
6.916720867156982422e-01
6.917442083358764648e-01
6.917035579681396484e-01
6.916743516921997070e-01
6.916610598564147949e-01
6.916894912719726562e-01
6.916790008544921875e-01
6.916710138320922852e-01
6.918640732765197754e-01
